MoveSpeed=7.578000
AngleOfSight=0.093000
SightRange=5.000000
CohesionFactor=0.355000
SeparationFactor=0.475000
AlignmentFactor=0.125000
WallAvoidanceFactor=30.959000
