MoveSpeed=7.337000
AngleOfSight=-0.485000
SightRange=5.000000
CohesionFactor=0.065000
SeparationFactor=0.095000
AlignmentFactor=0.070000
WallAvoidanceFactor=0.145000
