MoveSpeed=0.070000
CohesionFactor=0.010000
CohesionDistance=50.000000
SeparationFactor=0.053000
SeparationDistance=2.205000
AlignmentFactor=0.035000
AlignmentDistance=7.229000